1 0 0 0 1 0 0 0 1 -10 0 0
0.99627 -0.050461 0.070068 0.05129 0.99863 -0.010077 -0.069464 0.013633 0.99749 -9.8907 -1.2391 -0.81108
0.98509 -0.099709 0.14021 0.10302 0.99454 -0.016522 -0.13779 0.030719 0.98998 -9.5709 -2.4731 -1.536
0.96656 -0.14737 0.20988 0.15479 0.98776 -0.019284 -0.20447 0.051127 0.97754 -9.0594 -3.6838 -2.1285
0.94081 -0.19308 0.27857 0.20621 0.97834 -0.018344 -0.26899 0.074702 0.96024 -8.3831 -4.851 -2.5495
0.90804 -0.23649 0.34573 0.2569 0.96634 -0.013708 -0.33086 0.10126 0.93823 -7.575 -5.9528 -2.7689
0.8685 -0.27728 0.41087 0.30645 0.95187 -0.005411 -0.3896 0.13061 0.91168 -6.6718 -6.9659 -2.7672
0.8225 -0.31512 0.47349 0.3545 0.93503 0.0064829 -0.44477 0.16252 0.88077 -5.7119 -7.8667 -2.5367
0.77037 -0.34974 0.53311 0.40069 0.91595 0.021884 -0.49596 0.19675 0.84576 -4.7327 -8.6317 -2.081
0.71253 -0.38087 0.58928 0.44465 0.89478 0.040674 -0.54276 0.23304 0.80691 -3.768 -9.2391 -1.4154
0.6494 -0.40827 0.64156 0.48606 0.87167 0.062711 -0.58484 0.27111 0.7645 -2.8468 -9.6698 -0.56533
0.58147 -0.43173 0.68957 0.52459 0.84681 0.087826 -0.62185 0.31067 0.71888 -1.9908 -9.9087 0.43488
0.50925 -0.45108 0.73293 0.55997 0.82038 0.11583 -0.65353 0.35143 0.67037 -1.214 -9.9458 1.5443
0.4333 -0.46617 0.77132 0.59191 0.79258 0.14651 -0.67963 0.39307 0.61935 -0.52194 -9.7777 2.7174
0.35419 -0.47688 0.80444 0.62017 0.76363 0.17963 -0.69996 0.43527 0.56622 0.087942 -9.408 3.9068
0.27253 -0.48314 0.83205 0.64454 0.73374 0.21494 -0.71435 0.47771 0.51137 0.62572 -8.848 5.0657
0.18894 -0.48488 0.85393 0.66484 0.70314 0.25216 -0.7227 0.52008 0.45522 1.1076 -8.117 6.1502
0.10405 -0.48211 0.86991 0.6809 0.67207 0.29103 -0.72495 0.56204 0.3982 1.554 -7.242 7.1214
0.018502 -0.47485 0.87987 0.69261 0.64076 0.33124 -0.72107 0.60328 0.34074 1.9877 -6.2567 7.9469
-0.067041 -0.46313 0.88375 0.69988 0.60945 0.37248 -0.71111 0.64349 0.28328 2.4316 -5.2008 8.6025
-0.15193 -0.44707 0.8815 0.70265 0.57838 0.41444 -0.69512 0.68236 0.22626 2.9064 -4.1183 9.0724
-0.23553 -0.42677 0.87315 0.7009 0.54778 0.45681 -0.67325 0.71958 0.17011 3.4284 -3.0559 9.3496
-0.31719 -0.4024 0.85876 0.69465 0.51789 0.49925 -0.64564 0.75489 0.11526 4.0081 -2.0603 9.4354
-0.3963 -0.37414 0.83843 0.68394 0.48894 0.54145 -0.61252 0.78801 0.062124 4.6486 -1.1767 9.3387
-0.47225 -0.3422 0.81233 0.66885 0.46114 0.58309 -0.57413 0.81869 0.011109 5.3449 -0.44639 9.0743
-0.54446 -0.30683 0.78065 0.6495 0.43471 0.62384 -0.53077 0.84669 -0.037397 6.0841 0.095584 8.6621
-0.61239 -0.26829 0.74364 0.62603 0.40984 0.66341 -0.48276 0.87181 -0.083025 6.8451 0.42208 8.1244
-0.67552 -0.22688 0.70157 0.59863 0.38674 0.70148 -0.43047 0.89385 -0.12543 7.6006 0.51544 7.4851
-0.73337 -0.18292 0.65476 0.56751 0.36556 0.73777 -0.37431 0.91264 -0.16428 8.318 0.36859 6.7675
-0.78549 -0.13674 0.60358 0.53289 0.34648 0.772 -0.31469 0.92804 -0.1993 8.9616 -0.014363 5.9928
-0.8315 -0.088685 0.5484 0.49504 0.32965 0.80391 -0.25207 0.93993 -0.2302 9.495 -0.61813 5.1792
-0.87104 -0.039129 0.48966 0.45426 0.31517 0.83325 -0.18693 0.94823 -0.25675 9.8836 -1.4167 4.3411
-0.9038 0.011553 0.42779 0.41085 0.30318 0.85982 -0.11976 0.95286 -0.27876 10.097 -2.3746 3.4887
-0.92955 0.062977 0.36327 0.36514 0.29376 0.88339 -0.051081 0.9538 -0.29606 10.11 -3.4482 2.6278
-0.94808 0.11475 0.2966 0.31748 0.28697 0.9038 0.018595 0.95104 -0.30851 9.9071 -4.5878 1.7609
-0.95926 0.16648 0.22827 0.26823 0.28288 0.92089 0.088734 0.9446 -0.31601 9.4813 -5.74 0.8873
-0.963 0.21777 0.1588 0.21777 0.28152 0.93452 0.1588 0.93452 -0.31852 8.8359 -6.8503 0.0045873
-0.95926 0.26823 0.088734 0.16648 0.28288 0.9446 0.22827 0.92089 -0.31601 7.9848 -7.8651 -0.89018
-0.94808 0.31748 0.018595 0.11475 0.28697 0.95104 0.2966 0.9038 -0.30851 6.9512 -8.7349 -1.7993
-0.92955 0.36514 -0.051081 0.062977 0.29376 0.9538 0.36327 0.88339 -0.29606 5.7675 -9.416 -2.723
-0.9038 0.41085 -0.11976 0.011553 0.30318 0.95286 0.42779 0.85982 -0.27876 4.4727 -9.8728 -3.6587
-0.87104 0.45426 -0.18693 -0.039129 0.31517 0.94823 0.48966 0.83325 -0.25675 3.1103 -10.079 -4.6002
-0.8315 0.49504 -0.25207 -0.088685 0.32965 0.93993 0.5484 0.80391 -0.2302 1.7265 -10.019 -5.5369
-0.78549 0.53289 -0.31469 -0.13674 0.34648 0.92804 0.60358 0.772 -0.1993 0.36677 -9.689 -6.4541
-0.73337 0.56751 -0.37431 -0.18292 0.36556 0.91264 0.65476 0.73777 -0.16428 -0.92642 -9.0941 -7.3338
-0.67552 0.59863 -0.43047 -0.22688 0.38674 0.89385 0.70157 0.70148 -0.12543 -2.116 -8.2516 -8.1545
-0.61239 0.62603 -0.48276 -0.26829 0.40984 0.87181 0.74364 0.66341 -0.083025 -3.1723 -7.1875 -8.8935
-0.54446 0.6495 -0.53077 -0.30683 0.43471 0.84669 0.78065 0.62384 -0.037397 -4.0749 -5.9358 -9.5275
-0.47225 0.66885 -0.57413 -0.3422 0.46114 0.81869 0.81233 0.58309 0.011109 -4.8133 -4.5366 -10.035
-0.3963 0.68394 -0.61252 -0.37414 0.48894 0.78801 0.83843 0.54145 0.062124 -5.3873 -3.0341 -10.396
-0.31719 0.69465 -0.64564 -0.4024 0.51789 0.75489 0.85876 0.49925 0.11526 -5.8068 -1.4746 -10.599
-0.23553 0.7009 -0.67325 -0.42677 0.54778 0.71958 0.87315 0.45681 0.17011 -6.0907 0.09539 -10.633
-0.15193 0.70265 -0.69512 -0.44707 0.57838 0.68236 0.8815 0.41444 0.22626 -6.265 1.6314 -10.5
-0.067041 0.69988 -0.71111 -0.46313 0.60945 0.64349 0.88375 0.37248 0.28328 -6.3614 3.0923 -10.206
0.018502 0.69261 -0.72107 -0.47485 0.64076 0.60328 0.87987 0.33124 0.34074 -6.414 4.4419 -9.7663
0.10405 0.6809 -0.72495 -0.48211 0.67207 0.56204 0.86991 0.29103 0.3982 -6.4577 5.6495 -9.2051
0.18894 0.66484 -0.7227 -0.48488 0.70314 0.52008 0.85393 0.25216 0.45522 -6.5246 6.691 -8.553
0.27253 0.64454 -0.71435 -0.48314 0.73374 0.47771 0.83205 0.21494 0.51137 -6.6425 7.549 -7.8462
0.35419 0.62017 -0.69996 -0.47688 0.76363 0.43527 0.80444 0.17963 0.56622 -6.8323 8.2123 -7.1253
0.4333 0.59191 -0.67963 -0.46617 0.79258 0.39307 0.77132 0.14651 0.61935 -7.1064 8.6757 -6.4328
0.50925 0.55997 -0.65353 -0.45108 0.82038 0.35143 0.73293 0.11583 0.67037 -7.468 8.9393 -5.8106
0.58147 0.52459 -0.62185 -0.43173 0.84681 0.31067 0.68957 0.087826 0.71888 -7.9104 9.0075 -5.2979
0.6494 0.48606 -0.58484 -0.40827 0.87167 0.27111 0.64156 0.062711 0.7645 -8.4175 8.8883 -4.9289
0.71253 0.44465 -0.54276 -0.38087 0.89478 0.23304 0.58928 0.040674 0.80691 -8.9648 8.5919 -4.73
0.77037 0.40069 -0.49596 -0.34974 0.91595 0.19675 0.53311 0.021884 0.84576 -9.5208 8.1301 -4.719
0.8225 0.3545 -0.44477 -0.31512 0.93503 0.16252 0.47349 0.0064829 0.88077 -10.049 7.5154 -4.903
0.8685 0.30645 -0.3896 -0.27728 0.95187 0.13061 0.41087 -0.005411 0.91168 -10.51 6.7608 -5.2779
0.90804 0.2569 -0.33086 -0.23649 0.96634 0.10126 0.34573 -0.013708 0.93823 -10.866 5.8789 -5.8283
0.94081 0.20621 -0.26899 -0.19308 0.97834 0.074702 0.27857 -0.018344 0.96024 -11.079 4.8822 -6.5282
0.96656 0.15479 -0.20447 -0.14737 0.98776 0.051127 0.20988 -0.019284 0.97754 -11.119 3.7831 -7.3416
0.98509 0.10302 -0.13779 -0.099709 0.99454 0.030719 0.14021 -0.016522 0.98998 -10.961 2.5941 -8.2249
0.99627 0.05129 -0.069464 -0.050461 0.99863 0.013633 0.070068 -0.010077 0.99749 -10.59 1.3284 -9.1286
1 1.4297e-16 -1.9606e-16 -1.4297e-16 1 3.3316e-17 1.9606e-16 -3.3316e-17 1 -10 3.802e-15 -10
0.99627 -0.050461 0.070068 0.05129 0.99863 -0.010077 -0.069464 0.013633 0.99749 -9.1961 -1.3754 -10.786
0.98509 -0.099709 0.14021 0.10302 0.99454 -0.016522 -0.13779 0.030719 0.98998 -8.1929 -2.7803 -11.436
0.96656 -0.14737 0.20988 0.15479 0.98776 -0.019284 -0.20447 0.051127 0.97754 -7.0147 -4.1951 -11.904
0.94081 -0.19308 0.27857 0.20621 0.97834 -0.018344 -0.26899 0.074702 0.96024 -5.6932 -5.5981 -12.152
0.90804 -0.23649 0.34573 0.2569 0.96634 -0.013708 -0.33086 0.10126 0.93823 -4.2664 -6.9654 -12.151
0.8685 -0.27728 0.41087 0.30645 0.95187 -0.005411 -0.3896 0.13061 0.91168 -2.7758 -8.272 -11.884
0.8225 -0.31512 0.47349 0.3545 0.93503 0.0064829 -0.44477 0.16252 0.88077 -1.2642 -9.4919 -11.344
0.77037 -0.34974 0.53311 0.40069 0.91595 0.021884 -0.49596 0.19675 0.84576 0.22691 -10.599 -10.539
0.71253 -0.38087 0.58928 0.44465 0.89478 0.040674 -0.54276 0.23304 0.80691 1.6596 -11.57 -9.4844
0.6494 -0.40827 0.64156 0.48606 0.87167 0.062711 -0.58484 0.27111 0.7645 3.0016 -12.381 -8.2104
0.58147 -0.43173 0.68957 0.52459 0.84681 0.087826 -0.62185 0.31067 0.71888 4.2277 -13.015 -6.7539
0.50925 -0.45108 0.73293 0.55997 0.82038 0.11583 -0.65353 0.35143 0.67037 5.3213 -13.46 -5.1594
0.4333 -0.46617 0.77132 0.59191 0.79258 0.14651 -0.67963 0.39307 0.61935 6.2744 -13.708 -3.4762
0.35419 -0.47688 0.80444 0.62017 0.76363 0.17963 -0.69996 0.43527 0.56622 7.0875 -13.761 -1.7554
0.27253 -0.48314 0.83205 0.64454 0.73374 0.21494 -0.71435 0.47771 0.51137 7.7692 -13.625 -0.047957
0.18894 -0.48488 0.85393 0.66484 0.70314 0.25216 -0.7227 0.52008 0.45522 8.3346 -13.318 1.598
0.10405 -0.48211 0.86991 0.6809 0.67207 0.29103 -0.72495 0.56204 0.3982 8.8034 -12.862 3.1394
0.018502 -0.47485 0.87987 0.69261 0.64076 0.33124 -0.72107 0.60328 0.34074 9.1984 -12.289 4.5395
-0.067041 -0.46313 0.88375 0.69988 0.60945 0.37248 -0.71111 0.64349 0.28328 9.5427 -11.636 5.7697
-0.15193 -0.44707 0.8815 0.70265 0.57838 0.41444 -0.69512 0.68236 0.22626 9.8576 -10.942 6.8098
-0.23553 -0.42677 0.87315 0.7009 0.54778 0.45681 -0.67325 0.71958 0.17011 10.161 -10.252 7.6485
-0.31719 -0.4024 0.85876 0.69465 0.51789 0.49925 -0.64564 0.75489 0.11526 10.465 -9.6092 8.2828
-0.3963 -0.37414 0.83843 0.68394 0.48894 0.54145 -0.61252 0.78801 0.062124 10.774 -9.0568 8.7174
-0.47225 -0.3422 0.81233 0.66885 0.46114 0.58309 -0.57413 0.81869 0.011109 11.086 -8.6333 8.9632
-0.54446 -0.30683 0.78065 0.6495 0.43471 0.62384 -0.53077 0.84669 -0.037397 11.392 -8.3713 9.036
-0.61239 -0.26829 0.74364 0.62603 0.40984 0.66341 -0.48276 0.87181 -0.083025 11.673 -8.296 8.9547
-0.67552 -0.22688 0.70157 0.59863 0.38674 0.70148 -0.43047 0.89385 -0.12543 11.905 -8.423 8.7394
-0.73337 -0.18292 0.65476 0.56751 0.36556 0.73777 -0.37431 0.91264 -0.16428 12.061 -8.7578 8.4103
-0.78549 -0.13674 0.60358 0.53289 0.34648 0.772 -0.31469 0.92804 -0.1993 12.108 -9.2947 7.9857
-0.8315 -0.088685 0.5484 0.49504 0.32965 0.80391 -0.25207 0.93993 -0.2302 12.016 -10.017 7.4812
-0.87104 -0.039129 0.48966 0.45426 0.31517 0.83325 -0.18693 0.94823 -0.25675 11.753 -10.899 6.9086
-0.9038 0.011553 0.42779 0.41085 0.30318 0.85982 -0.11976 0.95286 -0.27876 11.294 -11.903 6.2763
-0.92955 0.062977 0.36327 0.36514 0.29376 0.88339 -0.051081 0.9538 -0.29606 10.621 -12.986 5.5884
-0.94808 0.11475 0.2966 0.31748 0.28697 0.9038 0.018595 0.95104 -0.30851 9.7211 -14.098 4.846
-0.95926 0.16648 0.22827 0.26823 0.28288 0.92089 0.088734 0.9446 -0.31601 8.594 -15.186 4.0474
-0.963 0.21777 0.1588 0.21777 0.28152 0.93452 0.1588 0.93452 -0.31852 7.2479 -16.195 3.1898
-0.95926 0.26823 0.088734 0.16648 0.28288 0.9446 0.22827 0.92089 -0.31601 5.7021 -17.074 2.2699
-0.94808 0.31748 0.018595 0.11475 0.28697 0.95104 0.2966 0.9038 -0.30851 3.9853 -17.773 1.2858
-0.92955 0.36514 -0.051081 0.062977 0.29376 0.9538 0.36327 0.88339 -0.29606 2.1348 -18.25 0.23758
-0.9038 0.41085 -0.11976 0.011553 0.30318 0.95286 0.42779 0.85982 -0.27876 0.19474 -18.471 -0.87112
-0.87104 0.45426 -0.18693 -0.039129 0.31517 0.94823 0.48966 0.83325 -0.25675 -1.7862 -18.412 -2.0327
-0.8315 0.49504 -0.25207 -0.088685 0.32965 0.93993 0.5484 0.80391 -0.2302 -3.7575 -18.059 -3.2349
-0.78549 0.53289 -0.31469 -0.13674 0.34648 0.92804 0.60358 0.772 -0.1993 -5.669 -17.409 -4.4612
-0.73337 0.56751 -0.37431 -0.18292 0.36556 0.91264 0.65476 0.73777 -0.16428 -7.474 -16.472 -5.6909
-0.67552 0.59863 -0.43047 -0.22688 0.38674 0.89385 0.70157 0.70148 -0.12543 -9.1316 -15.266 -6.9002
-0.61239 0.62603 -0.48276 -0.26829 0.40984 0.87181 0.74364 0.66341 -0.083025 -10.609 -13.822 -8.0632
-0.54446 0.6495 -0.53077 -0.30683 0.43471 0.84669 0.78065 0.62384 -0.037397 -11.881 -12.174 -9.1535
-0.47225 0.66885 -0.57413 -0.3422 0.46114 0.81869 0.81233 0.58309 0.011109 -12.937 -10.367 -10.146
-0.3963 0.68394 -0.61252 -0.37414 0.48894 0.78801 0.83843 0.54145 0.062124 -13.772 -8.4486 -11.018
-0.31719 0.69465 -0.64564 -0.4024 0.51789 0.75489 0.85876 0.49925 0.11526 -14.394 -6.4671 -11.751
-0.23553 0.7009 -0.67325 -0.42677 0.54778 0.71958 0.87315 0.45681 0.17011 -14.822 -4.4727 -12.334
-0.15193 0.70265 -0.69512 -0.44707 0.57838 0.68236 0.8815 0.41444 0.22626 -15.08 -2.513 -12.763
-0.067041 0.69988 -0.71111 -0.46313 0.60945 0.64349 0.88375 0.37248 0.28328 -15.199 -0.63244 -13.039
0.018502 0.69261 -0.72107 -0.47485 0.64076 0.60328 0.87987 0.33124 0.34074 -15.213 1.1295 -13.174
0.10405 0.6809 -0.72495 -0.48211 0.67207 0.56204 0.86991 0.29103 0.3982 -15.157 2.7392 -13.187
0.18894 0.66484 -0.7227 -0.48488 0.70314 0.52008 0.85393 0.25216 0.45522 -15.064 4.1694 -13.105
0.27253 0.64454 -0.71435 -0.48314 0.73374 0.47771 0.83205 0.21494 0.51137 -14.963 5.3997 -12.96
0.35419 0.62017 -0.69996 -0.47688 0.76363 0.43527 0.80444 0.17963 0.56622 -14.877 6.416 -12.788
0.4333 0.59191 -0.67963 -0.46617 0.79258 0.39307 0.77132 0.14651 0.61935 -14.82 7.2106 -12.626
0.50925 0.55997 -0.65353 -0.45108 0.82038 0.35143 0.73293 0.11583 0.67037 -14.797 7.781 -12.514
0.58147 0.52459 -0.62185 -0.43173 0.84681 0.31067 0.68957 0.087826 0.71888 -14.806 8.1293 -12.487
0.6494 0.48606 -0.58484 -0.40827 0.87167 0.27111 0.64156 0.062711 0.7645 -14.833 8.2612 -12.574
0.71253 0.44465 -0.54276 -0.38087 0.89478 0.23304 0.58928 0.040674 0.80691 -14.858 8.1852 -12.799
0.77037 0.40069 -0.49596 -0.34974 0.91595 0.19675 0.53311 0.021884 0.84576 -14.852 7.9112 -13.177
0.8225 0.3545 -0.44477 -0.31512 0.93503 0.16252 0.47349 0.0064829 0.88077 -14.784 7.4506 -13.711
0.8685 0.30645 -0.3896 -0.27728 0.95187 0.13061 0.41087 -0.005411 0.91168 -14.619 6.8149 -14.395
0.90804 0.2569 -0.33086 -0.23649 0.96634 0.10126 0.34573 -0.013708 0.93823 -14.323 6.0159 -15.211
0.94081 0.20621 -0.26899 -0.19308 0.97834 0.074702 0.27857 -0.018344 0.96024 -13.865 5.0656 -16.131
0.96656 0.15479 -0.20447 -0.14737 0.98776 0.051127 0.20988 -0.019284 0.97754 -13.218 3.9759 -17.117
0.98509 0.10302 -0.13779 -0.099709 0.99454 0.030719 0.14021 -0.016522 0.98998 -12.363 2.7593 -18.125
0.99627 0.05129 -0.069464 -0.050461 0.99863 0.013633 0.070068 -0.010077 0.99749 -11.291 1.4291 -19.104
1 2.8594e-16 -3.9212e-16 -2.8594e-16 1 6.6632e-17 3.9212e-16 -6.6632e-17 1 -10 8.2704e-15 -20
